12424_C_0	12424_C_5	12424_C_10	12424_C_15	12424_C_20	12424_C_30	12424_C_45	12424_C_60
YGR256W	0	-0.126271653757973	0.247221395609284	0.420316859035288	0.541314079741334	1.23697261696578	1.2148008290775	1.18715966387117
YAL061W	0	0.41162654246425	-0.0275572671878681	0.848514051573622	1.693234711753	1.8838410281885	1.06885264350282	0.797841702157144
YPR102C	0	-0.460112424926249	-0.31073146548629	-0.437656305301685	-0.447125738379001	-0.870927278058001	-1.09886515736413	-1.25660124057926
YNR034W-A	0	0.442663341582286	-0.023890327252448	0.146865568788878	0.920556141808052	1.47807822700805	0.813692595517216	0.587906420943583
YFR053C	0	0.435332738410733	0.392485125292031	0.367758759297258	0.741967170633368	1.21283249467062	0.849330678748189	0.665996839583995
YGR248W	0	0.582202091009558	-0.219432306233717	0.73289205693927	1.82060365538065	2.09516558526671	1.23793793708764	1.1394201801298
YKL035W	0	0.349499650682512	-0.0460083363122354	0.30517555474445	0.987912223301126	1.21987664689971	0.420545353724321	0.283363951286793
YOL153C	0	0.411680219814717	0.121486363205483	0.910154647814775	1.3576587888615	1.21358685099722	0.620229661311292	0.548401676713681
YGR088W	0	0.808361797790653	0.628106299405643	0.778501859189171	1.62676310043136	2.68309758269402	2.04506701861047	1.99098170780669
YKL217W	0	-1.11498672427712	0.598179664537545	0.771430021376925	0.705782681076494	0.659537988248223	-0.197757164241808	5.48290977091287
YHL040C	0	0.245708299845759	-0.170525242205936	-0.737861204564621	-0.87232954769402	-1.03436137471115	-0.670232305474684	-0.680417225339686
YBR241C	0	0.552684786824407	0.067566207951415	0.0686698647408885	0.49829473805336	1.06514332234587	0.826266642430332	0.777450618609788
YDR389W	0	0.0921713502225306	-1.21493289511702	0.161611497889993	0.169077824855251	0.207232514103861	0.191344175019024	0.187674371863928
YPL004C	0	0.490972565028942	0.0722430537446674	0.249980873140113	0.799252784151039	1.32049846023692	0.944585756698766	0.880746615716587
YMR322C	0	0.575199829287772	0.0872239866053086	0.333574049405809	0.846758396352312	1.10693745813423	0.731327301990309	0.662066581676591
YLR251W	0	0.583688477220845	0.248065931009534	0.748001559900554	1.13329527566533	0.950316253672616	0.505665876152072	0.406250114544468
YGL104C	0	0.75484462296671	0.076568533707883	0.126772433980949	0.686430997111408	1.11150642048592	0.770916401247522	0.665781392582851
YLL018C-A	0	0.622411141174627	1.08645671804644	1.33527009230118	1.435213983348	1.66172657073015	3.06951274031656	1.66293314857616
YPL240C	0	0.0842277131841961	0.057958112122482	0.237233666230897	0.758723690398784	1.0261248660736	0.770539348346639	0.751811193993602
YGL208W	0	-0.301755166834698	0.0634327453267454	0.801388581049591	0.139110668596824	0.185916073166512	0.0341593006556553	1.34060421132039
YPL154C	0	0.639649786458418	0.178533788428869	0.102797145977194	0.411153934880568	1.01830087831201	0.912773716522233	0.822561959294214
YCR020C-A	0	-0.658024973012408	-0.315423689498625	-0.0100601812847643	-0.119258023267724	-0.556039961426091	-1.16730511249436	-1.33117396183759
YBR139W	0	0.784771334743184	0.31904377803262	0.558235345217852	1.00231806308111	1.27660063380116	1.01951944288654	0.939173563191382
YLR149C	0	0.623108438478722	0.0234639726762031	0.935278045948947	1.53626991983058	1.65775325838196	1.19677172235285	1.09829467694741
YCR041W	0	-0.00585928912793896	-0.00531185545219472	2.61844504121214	-0.0106097660782201	0.0115263471173409	0.00482115067845082	0.00126366175284003
YER053C-A	0	0.257017520057915	0.131154415341888	0.811800235742816	1.14654487256701	0.692843915843603	-0.0969589385882221	-0.328690633287423
YNL274C	0	0.347471557637284	0.0440570702078755	-0.023962786461224	0.453820219481351	1.11747621810266	0.804006127686788	0.975266021524488
YNL200C	0	0.583221077266617	0.0480079773526716	0.26433362119702	0.693143385580569	1.00328840915607	0.710203316586341	0.719196396314446
YHL001W	0	-0.504329474784972	-0.301925413989385	-0.399927419677495	-0.526576580662993	-0.805474389315302	-1.03653474458813	-1.14681446091598
YIL166C	0	1.82762312982176	2.38734968977662	2.44042072527487	2.41891452764394	2.41872394682976	2.13429664120874	2.00975719118459
YJL153C	0	-0.62038822653073	0.218302934766874	0.303076425246491	0.470715664042233	-1.61824339009623	0.503041147527198	0.335023995086841
YGL029W	0	-0.274886826027466	-0.377869455507884	-0.512517867548339	-0.851590003627078	-1.04696815449755	-0.774811500536491	-0.729930692142286
YOL020W	0	-0.0938373734002962	0.152646228384241	-0.00208391035285205	-0.291944096084332	-1.00374492393996	0.349466498304683	0.513933252071744
YAL025C	0	-0.192042493809676	-0.396824812793639	-0.638225669965601	-0.956921001420242	-1.02489325434433	-0.648296075704796	-0.565486850574009
YLR080W	0	0.422243013375031	0.0376959619713164	0.196614127728319	0.670069452987068	1.10806752875699	0.864835147455621	0.81201975049268
YKR057W	0	-0.560218988150188	-0.416159227105357	-0.430754924875978	-0.524636521494552	-0.898568537995146	-1.05122724200493	-1.13685152268209
YDR256C	0	4.05948606378502	5.29989063433312	5.42388294315499	5.37632778794013	5.34895935132365	4.7264662562413	4.45465778860165
YJL163C	0	0.80424790958297	-0.21401169919556	0.463968621217011	1.14933489753606	1.40881573666474	0.879146562223479	0.887242072448792
YCR012W	0	0.670476024517364	0.274837022686303	0.274868599861927	0.598999909400487	1.10588001043102	0.968044226547312	0.852460712415571
YGR079W	0	0.338858516841327	-0.408532119388094	-0.828289729976073	-1.08820696679305	-0.873845936747513	-0.426632798818827	-0.245334381896545
YMR105C	0	0.710551693718595	0.318445588921746	0.866599285539438	1.6740088947466	2.04302353842224	1.24363403125275	1.13484754857715
YML054C	0	0.639698674033394	0.20117922145649	0.595696761702661	1.28244591723186	1.60320451236055	1.11494153274871	0.826076395155566
YHR214W-A	0	0.594947218245332	0.607944086250466	0.643678133719476	0.902844065615842	1.29736044075853	1.36018691231503	1.36451986837419
YIL045W	0	1.00811695320508	0.793401188548023	0.472671406882489	0.907384483719364	0.677780771602991	0.370888666752665	0.319731155782222
YOR173W	0	0.426254395265128	-0.29190556145522	0.453753858880156	1.25843802106063	1.54511017096659	0.911231399068631	0.840618744143601
YNL055C	0	1.01954089839942	0.371370038954561	0.236841503660868	0.619437441231836	1.09771285213235	1.04593696190081	0.78046073284648
YIR040C	0	-0.00585928912793896	-0.00531185545219472	-0.010502869020516	-2.56993346792077	0.0115263471173409	0.00482115067845082	0.00126366175284003
YEL071W	0	0.219769044421948	-0.0948973988333764	-0.524797182193387	-1.04522443993651	-0.680195869955861	-0.17340150907928	0.436956155229296
YDL204W	0	0.736865935056309	0.350825005566965	0.62835520523178	1.44733652385782	2.05557600471654	1.17991839125935	1.08802005228315
YHR096C	0	0.42755284971611	-0.269620104622868	-0.0710418763373566	0.741866476418918	1.64477384710751	1.25613418183923	1.30572448930173
YNL234W	0	-1.11159333716366	-1.1106600167252	-1.23293501213617	-1.12491361229055	-1.08860906965091	-0.987152844079028	-0.819482542421268
YIL057C	0	4.71687114615238	6.15776633072976	6.30264817823968	6.24742042097283	6.21204687046548	5.48997803375998	5.17479214638631
YMR194W	0	-0.583808222615071	-0.306172438903935	-0.272140907078297	-0.490049498157776	-0.95600236191407	-1.10867140503107	-1.250057883131
YMR303C	0	0.116522555549802	0.418899766564469	0.418525763279565	0.585431150396272	0.527884267204433	-0.341412002566962	-1.16288343844188
YMR297W	0	0.658749351879719	0.317490621992687	0.308322583891346	0.607264090196301	1.31489416206742	1.2473622443019	1.24677920089515
YIR034C	0	-1.12929003770312	-0.292602215069069	-0.265016024998133	-0.421544567719565	-0.530851978807413	-0.609649689463706	-0.564110769983316
YIL136W	0	0.134563322715241	-0.245224008044832	-0.101826280563851	0.791296792431631	1.56022336074071	0.952675334253843	0.935295925621065
YEL011W	0	0.555380122292674	-0.162039281098668	0.951905146937439	1.77932351937633	1.47969643921497	0.65646626658762	0.524521591763675
YMR095C	0	-1.10590471414442	-0.572130722757352	-0.563844114878781	-1.49788927226813	-1.55138006870498	-1.42876429045758	-1.03082016351854
YBL043W	0	-0.605211005413677	-0.754117914468607	-0.749657782814177	-0.729602681697289	-0.674170661533345	-0.58153295000669	3.57881851996308
YGR008C	0	0.310252523070459	-0.0329473946041328	0.490345298602045	1.00065304192341	1.19982378914151	0.629284196936675	0.413801108883875
YGL076C	0	-0.360140796896759	-0.0624572332771927	-0.37006670116333	-0.445487826553283	-0.620606478989017	-1.09816400653236	-1.19253708214956
YDR343C	0	0.444075439076045	0.427475613045441	0.586943354645489	1.04563790594275	1.12871326758052	0.435505221913584	0.218425305130755
YML100W	0	0.899002254485536	-0.143057008443408	0.788578786844821	1.65966910533284	1.67283798500027	0.904088445918546	0.794319520201903
YJL052W	0	0.366752673939234	0.260009351888562	0.370200805144707	0.57638765702408	1.12292928556282	1.02337236491549	1.02819364233365
YKR097W	0	-0.730894708688043	-0.911142105730951	-0.904658134585493	-0.880375074280139	-0.817960921959139	-0.704491060915117	3.84616682681852
YGR043C	0	0.122293320862493	0.254729805601491	0.195385326426856	0.2877956452428	1.09137915792346	0.839657603480262	0.902123161653867
YIL019W	0	-0.382155786510303	-0.159281584742204	-0.306260416095585	-0.733323337493459	-1.08600877998437	-0.735672804059081	-0.622586995012864
YDL169C	0	0.396345971347621	-0.162768726929165	0.309409118039476	0.891109544354832	1.10164571788813	0.673461495269018	0.542257300022756
YMR244W	0	-0.00585928912793896	4.12506715329416	-0.010502869020516	-0.0106097660782201	0.0115263471173409	0.00482115067845082	0.00126366175284003
YHL021C	0	0.171488475756258	0.00867451466741054	0.923772395409957	1.57380821358105	1.4327862814664	0.418149291002518	0.182821585137205
YJR008W	0	0.0946642321491057	0.18821502774903	0.743836091968202	1.02023199224048	0.923273472219946	0.486445237001958	0.320097809096795
YNR002C	0	2.60016391194427	0.291357357129138	0.378728499362083	0.344624078608744	0.331289298442904	-0.116638916263048	-0.31240301844306
YKR009C	0	0.606551183113055	-0.000673310884967471	-0.358349439591184	-0.0707669348528883	1.03427857912676	0.848250227971622	0.959341277441899
YML056C	0	-0.212280802521378	-0.424547799424422	-0.736080578923628	-0.840881012747771	-1.02659933023645	-0.715493037649424	-0.771092840086849
YDR070C	0	0.472098343970326	0.384232353009854	0.203874283596299	0.856481998721628	1.92636432463643	1.34405236932856	1.23164373152374
YCR005C	0	0.678212390943786	-0.225849922870246	-0.490922355233106	-0.474418566654726	0.105995107548592	0.48566158937006	1.40095075893218
YAL054C	0	0.493190768946823	0.470132211392538	0.687099854946146	0.24973770392103	0.603269561227874	0.906353710995607	1.35018306998218
YNL141W	0	0.0834013952164323	-0.387553973037143	-0.90331089951289	-1.42005754042265	-1.50997116835541	-0.848732939687569	-0.695640362058287
YGL037C	0	0.233214229396955	-0.00186615151419733	0.393584649340953	0.973550583961121	1.18522239501302	0.683535579983995	0.559544225026706
YMR250W	0	0.190421488766954	0.307646621605638	0.443372459908765	0.897813002971193	1.82850818817687	1.49141759561624	1.4492432054412
YDR536W	0	-6.06046233314275	-6.059914899467	-6.06510591303532	-6.06521281009303	0.0186354405891065	-0.25991807603068	-0.538578952687413
YNL195C	0	0.238805953071386	0.284021178405966	0.616491723275931	1.05059426101974	1.37532094339032	1.03986174234782	1.38277621394554
YPR184W	0	0.599822654741213	0.0856980932663733	0.145134641369155	1.04805017476677	1.56459705600711	1.00987417337251	0.916819409862676
YBR169C	0	0.275574431625231	-0.0520302491726896	0.118172610850264	0.629552205112865	1.10135225192025	0.681447064737459	0.692279686783109
YGR112W	0	0.883925916031462	1.17470274343722	1.21402164660161	1.21097896276075	1.23698839363504	1.10034682360571	2.13826903969235
YDL184C	0	-0.570683278912461	-0.165914116079137	-0.106162754715621	-0.298211115920046	-0.657526873626694	-0.997220105405582	-1.16924246175618
YDR155C	0	0.700419875351945	0.466938649505994	0.535429739249381	0.580287574280934	0.985998080297669	1.05374916635068	0.854641473321469
YBL106C	0	-0.138198754245836	0.159209599679226	1.91031697153967	-0.0365851263426122	-0.171032352800923	-0.458183415776108	0.839750424139676
YLR164W	0	0.812350989248647	-0.284585102938183	0.244350291774359	0.840204015903069	1.27025331481647	0.647964640914205	0.540092912591978
YOL084W	0	0.936289173908377	0.0161610749652015	0.990233423105374	1.59792353630214	1.88360251874794	1.2166149068922	1.07165931260035
YJL161W	0	-1.68046233314275	-1.679914899467	-1.68510591303532	-1.68521281009303	-1.66307669689747	-1.66978189333636	-1.67333938226197
YJL188C	0	-0.452603877996472	0.361339083289019	0.284151193624206	0.340066246751808	-0.62732219560409	-1.12597220843035	-1.18240137341308
YGR280C	0	-0.539488483751134	-0.416706541060511	-0.654389513318088	-1.07313573247891	-1.11655326127489	-0.807378005875512	-0.714746008227431
YMR196W	0	0.479879489291869	0.0500900711479482	0.0390669938519745	0.533761862556433	1.37083621503497	0.958011404399493	1.04146407313804
YKR080W	0	-0.282562905877427	-1.25850906078715	-1.01600525481337	-0.850772324388392	-0.749470805453708	-0.558013954077774	-0.617480306381222
YAR068W	0	0.432222414638206	0.377556534805614	0.404903061840137	0.670166589215711	1.04510060009204	1.09024353691713	1.12165838316045
YLR356W	0	0.594461018079105	0.255402025795665	0.261199227230956	0.633067980620843	1.06241017344122	0.960635922387524	0.743699361699534
YAL005C	0	0.260208955883179	0.352466774440344	0.490488873195768	0.729481056544799	1.28393844118136	1.3141647104866	1.30121693040281
YLL057C	0	-0.00585928912793896	-0.00531185545219472	-0.010502869020516	1.96006653207923	0.0115263471173409	0.00482115067845082	0.00126366175284003
YDR216W	0	1.52760620840069	-0.590669604066753	0.00457778310238055	0.230868620074153	0.720349567110613	3.60153749462828	3.66045610542608
YLR177W	0	0.273752516752346	-0.013455022433376	0.834183510353528	1.01969876409448	0.576406651660273	-0.0668893293406619	-0.307826149838518
YLR178C	0	0.250305796465292	-0.213688592825944	-0.161725547838558	0.593857409252195	1.20396576162771	0.739159661022603	0.686778210753158
YCR010C	0	-3.31213773994325	-1.3840037681009	-0.405645522756178	-0.031347250122665	0.761869845228196	0.577159684854299	0.67829268067711
YFL014W	0	0.29483392519644	0.413510104245787	0.735692136579015	0.979124763301359	1.75686664134694	1.7756313481545	1.47593202947292
YJR121W	0	0.540536808684266	0.227826489714634	0.0992660383619527	0.119282259496651	0.74053299093492	1.01455807361358	0.82393585610576
YOR348C	0	0.94909896146535	0.462446634556192	0.607214480369241	0.98115916532325	1.6107918332268	1.32542053753387	1.26712232940629
YFR015C	0	0.177772150636621	0.259320101534047	1.58079534360522	2.05125472126626	1.32687379299212	0.330691017049271	-0.102561852204229
YOL163W	0	1.08485156922691	1.26992382971036	1.17188846640115	1.10054953718065	0.993892807903873	0.783952027524765	0.665767933459888
YER024W	0	0.534945614187428	-0.0127664715409974	-0.353646905748803	-0.289580553156454	0.27594401445604	0.679920054611755	1.33048945011256
YLR258W	0	0.319043360602671	-0.122070241979956	0.56743126734462	1.17493847341922	1.17413896258575	0.546177470064195	0.421846702031971
YPR145W	0	-0.231407201398109	-0.275005352087162	-0.821242602534265	-1.13971412045549	-1.00229494133108	-0.692293100223654	-0.704915946239922
YDL223C	0	0.301701253356699	0.478066988921247	0.424990102449778	0.646617066274498	1.18304229318103	1.31146190616703	1.24177554343206
YDL233W	0	0.959225551879687	1.25410648589464	1.27958269868151	1.26821191363778	1.27859598944487	1.12570700917789	1.05846859509868
YGR148C	0	-0.521926589898407	-0.305025551469396	-0.397405828290962	-0.384098710602077	-0.825088560313466	-1.02338007090848	-1.18120045255741
YGR287C	0	1.06473179966704	1.39179023963731	1.42061909443584	1.40801690412451	1.4171162085664	1.24824593643398	1.17404571424931
YML128C	0	0.26361938189531	0.301276112699352	0.358323307167069	0.895321182077926	1.79334971281533	1.60144036738619	1.46716802819282
YLR109W	0	0.248413390048558	0.304326551091588	0.350926155733153	0.403494203094935	1.19240303859589	1.15382778512954	1.28264678176978
YBR116C	0	0.529467501419302	0.387945920371495	0.677426251665548	1.14823813614635	2.39171087976382	2.09487327534233	1.98195198055215
YFL026W	0	6.19061763716544	2.11418400181667	-1.31302864359201	-1.54624027530592	2.54906423764255	2.06727730611287	1.62752778795522
YNL134C	0	0.309523451184617	0.260651449579374	0.354342872741054	0.603501518511589	1.02761853006046	0.935537275878491	0.871900888809972
YBR286W	0	0.27550085170286	0.213034521167333	0.285475674469649	0.429017034016579	1.03163524492961	1.00442017141472	1.07478535470954
YKL093W	0	-0.00585928912793896	-0.00531185545219472	-0.010502869020516	-0.0106097660782201	0.0115263471173409	0.00482115067845082	2.5360240913274
YML026C	0	-0.359014783855675	-0.164922849430278	-0.230975352986535	-0.381385918890995	-0.846490392029634	-0.952392226388387	-1.07375135053642
YKL162C-A	0	-0.00585928912793896	-1.55493284670584	-0.010502869020516	-0.0106097660782201	0.0115263471173409	0.00482115067845082	0.00126366175284003
YER150W	0	0.11495252032695	-0.0941729946469081	0.166500625421072	0.386941079678138	1.02700912962212	0.521603156213842	0.289351047319948
YJL164C	0	0.596893063103781	0.0813834855646798	0.623432647107827	1.32545449371401	1.50265110602466	0.912411449999376	0.885806093114164
YHR087W	0	0.437041940746145	0.16927099149637	0.322187938845272	0.951677505996676	1.31447700854317	0.862585030713006	0.661968968327936
YCR098C	0	-2.80717470050593	-3.20736535293918	-3.43724408812123	-3.00605639899494	-3.09378076009631	-2.88055618163042	-2.52552133384368
YPL247C	0	0.0818009573367304	-0.0446561085180834	0.714003737107937	1.19749648175324	0.858261832917126	0.205062499977396	0.0626687872052213
YDR408C	0	-0.358250388868347	-0.525957823268103	-0.604108825465611	-0.558539956883636	-0.71661164886694	-0.85542701809996	-1.02718135448418
YOR161C	0	0.598529682922104	-0.253879234537092	0.520855876926777	1.093618120257	1.21521606932691	0.587027182766291	0.47177936334084
YGL219C	0	-0.696644996491615	-0.273837044636591	0.155850923103415	0.434041365936077	0.868044447454838	1.04002172517704	1.18513002376076
YBR072W	0	0.00796117010788477	0.421110547952025	0.608621239606774	0.702560287312116	1.44124613970692	1.45541208644052	1.69173936870922
YNL160W	0	0.362447643727884	0.238041509235768	0.323322537032402	0.734267179021375	1.18886636647383	0.982008912246253	0.703890483654205
YBR132C	0	0.860556179029182	0.792630823580488	0.699646739103526	1.21251800662564	1.2611764256622	0.877461202576242	0.728556090943852
YOR152C	0	0.568175260062234	0.23283842358626	0.419153888214646	0.92428393800034	1.08250154654662	0.891231219660583	0.765963638543185
YMR169C	0	-0.0256280529024475	0.18564131104446	0.413713953680714	0.96327358818271	1.95132192598323	1.29963133175209	1.05546605633243
YER067W	0	0.165351663621521	0.326746934787414	1.37571045713835	1.88247816626267	1.42388775324918	0.668776659132951	0.321024273868522
YBL039C	0	-0.478247842528034	-0.196056059702784	-0.320613214079471	-0.759252111723341	-1.01142357181544	-0.578354800919371	-0.504881584577044
YPL230W	0	-0.0261099522008206	0.141418201946239	1.14533642931447	1.63532157011977	1.24850655892589	0.782935838107313	0.529543421149092
YLL026W	0	0.185126174150369	-0.110207346455685	0.233150227626163	0.874777529935898	1.25506778741565	0.904909402072623	0.88243578237662
YAR035W	0	0.480413733220328	0.00351963066530292	-0.0628337107164461	-0.133165914293692	0.387302153818729	0.720230654327529	1.26259292917866
YOR143C	0	0.156919441423161	0.013587464120387	-0.495472825250146	0.646348491421139	0.366523948428483	0.0945182430735061	-1.35496450542202
YBR117C	0	0.32653666568171	0.538705659147622	0.744818384225583	1.01287921253432	2.19810515353927	1.8742638555484	1.84045550331095
YDR477W	0	2.05658645970462	5.1625907209125	6.13697870971729	6.06537729331456	6.46739952188685	6.60835800398331	6.47194762096152
YBR183W	0	0.109570079656458	-0.0455977809748702	0.65583191510753	1.06982650041423	0.849761424819604	0.257393842504197	0.172693109852958
YNL270C	0	1.06670029400957	1.53182597554052	1.67904873169688	1.72071703381973	1.83699389449049	1.70311311639497	1.66837071698494
YGL010W	0	-1.38046233314275	-1.30953589072065	-1.03615800280267	-1.38521281009303	-1.36307669689747	-1.36978189333636	-1.37333938226197
YKR066C	0	0.395768056151343	0.190293683000873	0.323783383883038	0.52347308597651	1.13838049108239	1.01006247930635	0.898178641963306
YER053C	0	0.00513896508084466	-0.0567362475686766	0.62777553620141	1.16224430465357	0.829594420875022	0.314790137762397	0.0812306562239882
YDR450W	0	-0.27124896082459	-0.105011130754397	-0.269175106653115	-0.376398939113504	-0.783676239459867	-1.02095124826622	-1.18404677191026
YBR026C	0	0.158018515225159	0.119285434420994	0.102159748848923	0.309789158770935	0.838980262293929	0.843630295653277	1.01272907496259
YDR171W	0	0.197991818440536	-0.077842177744861	0.631317610595751	1.24133845917617	1.42450779850173	0.830707362328267	0.741293626678116
YGR254W	0	0.705668318318345	0.72718113942158	0.714112239638171	0.87801492564086	1.22406056416111	0.870510778267323	0.634612195642287
YPL280W	0	0.545076215992639	-0.0248070511764826	0.250258260856302	0.740105714812308	1.01293405108974	0.655244961300241	0.54758149999126
YBR126C	0	0.465926644173975	-0.0960998884015791	0.124104900195197	0.846378294832701	1.15564555139645	0.57897536415753	0.458708543287239
YCL040W	0	0.780696831124773	0.179516479893489	0.34594529714038	0.998359457851991	1.88925109365597	1.48357206966369	1.36193889987404
YIL169C	0	0.617341724761674	0.637534023957061	0.665611317502853	0.858133902378293	1.5778485627108	1.72426532472647	1.74237285366061
YPL061W	0	0.387331668443925	0.182477728241625	0.167685483823321	0.494589888565737	1.14711430054146	1.13693423777696	1.39595714214976
YBR214W	0	0.677662633604993	0.0467599896069213	0.534494146196933	1.22110739313592	1.41058787843202	0.884331777281003	0.68635942278577
YJL144W	0	0.241074896650899	-0.0875823894390744	0.339459245987387	1.02749597822402	1.07478243952897	0.558196357356358	0.291497167184233
YMR195W	0	1.25732600354767	0.998510861620483	0.64263421515365	0.783565080685558	0.599170377319646	0.492469871873281	0.483220213448125
YNR001C	0	0.631236379873095	-0.0252650817800355	-0.172877118177598	0.229585664761598	1.08563522469466	1.02239568433584	1.05678239072931
YJR095W	0	-0.00585928912793896	-0.00531185545219472	-0.010502869020516	-0.0106097660782201	0.0115263471173409	0.00482115067845082	4.2960240913274
YPL186C	0	0.54887039341566	-0.070240039254613	0.453922548012094	1.17530890631532	1.53357011114468	0.968301907314259	0.915039968690473
YNL175C	0	-0.450940893019034	-0.184647093718727	-0.322845419341247	-0.823983773920108	-1.10407910119436	-0.790430685633161	-0.773394956907762
YCR087C-A	0	-0.596963162496168	-0.276302877427088	-0.164700350565921	-0.514387529193457	-1.05106396461689	-0.95004357261182	-0.976761211861931
YBR104W	0	-0.0858145941215915	-0.249228436921556	-0.595825141383044	-0.976374668706701	-1.05144793656311	-0.77851477687172	-0.591460477385882
YOR374W	0	0.251816899438145	0.458142069352057	0.70741957976055	0.777752669749867	1.63470136228246	1.43134956531542	1.42265349883427
YNL014W	0	1.69883423673587	2.48326241298444	2.7594745853857	2.84373216763278	3.05097072130141	2.85381487087233	2.81379446314941
YPR160W	0	0.583184586700878	0.191900809154213	0.45967369338026	1.24063338758543	2.00273124889441	1.27011739809668	1.03845200202154
YMR206W	0	-0.534667910110394	0.245350806000099	0.321374544501261	0.291437956961353	0.282451633723881	2.50847776263742	2.07117331554477
YDR154C	0	0.457810960087201	0.351858264678192	0.483474300268711	0.47485757167082	1.06156703277186	1.25724785982645	1.03852092417843
YOL155C	0	0.445211747884647	0.214971136068026	0.624927884641127	0.731173023568513	1.50966051293061	1.45590245110609	1.50108409759237
YJL205C	0	-0.422728580522203	-0.759535890720648	-0.566158002802671	-0.524536511935575	-1.00136455941089	-1.29978189333636	-1.30333938226197
YLR162W	0	-0.0832796028675484	0.262838930433017	0.354534150459696	0.281255587479554	-0.351287677000903	-0.782482375805606	-1.01552713689776
YIL053W	0	-0.623625294272576	-0.405565925532011	-0.646950710051203	-1.31843436452236	-1.36316125314064	-1.05453546769131	-1.01166088948207
YDR074W	0	0.514490931904696	-0.341031179718242	0.550310419304524	1.33150291797392	1.17239103170073	0.399060023191097	0.25626232462941
YNL112W	0	-0.347535371893611	-0.206278484320499	-0.436032345817352	-0.85756552266532	-1.14701112758528	-0.610931916407993	-0.606842760497952
YGR103W	0	-0.48890555972681	-0.289295920280652	-0.340679983122429	-0.797802986891068	-1.1221262735076	-0.83795739723926	-0.748764878616436
YOR230W	0	0.140435787427991	0.248016328080829	0.36726522089738	0.593513605033828	0.937254177378562	0.970825963825828	1.07143838383458
YMR081C	0	-0.285534249115694	0.390526370831469	2.86466640691222	2.7504365935463	0.424924771946633	0.0827189495813139	-0.0669901143625768
YKL096W	0	2.79755429451722	0.368450052891603	0.458915941596851	0.423674839058032	0.409154116093545	-0.0535260603343559	-0.255716446919407
YJL170C	0	-1.59727199066005	-2.08207677787007	-4.34888974974853	-2.11937054815603	-2.07785547388449	-1.84350545895031	-1.74205390739722
YDL208W	0	-0.408817561780754	-0.288990694286332	-0.531445281017134	-0.832694238875662	-1.04877949304253	-0.857428831789596	-0.874720040296917
YMR174C	0	0.0164197411156655	0.297864378236658	0.329788941682349	0.533425364184545	1.25894078866847	1.28576428417902	1.12605827822079
YAL067C	0	0.139704206947411	0.451241388155569	-0.0262309233229844	-3.98680799577572	-3.88769371237676	0.147173397205259	0.021255755418508
YGR138C	0	-1.02276619501037	1.05391388433736	0.628973965117334	0.042348024496969	-0.534686580739721	-0.441389794374329	-0.00318787403800824
YPL223C	0	-0.342243535110711	0.236518120591548	0.475414286593517	0.390416271741108	0.771152955973719	1.12088913673148	1.31272399611135
YPR026W	0	0.540266162410678	-0.0757796066169278	0.305126156678023	0.786639995700375	1.03187469992369	0.743850009635404	0.696134073312543
YLR073C	0	-1.15817132794484	-1.11098849586529	-0.281190211724161	-0.608899286956235	-0.292978640426796	-0.0229560037329522	0.164157727132291
YLR377C	0	-0.00585928912793896	-0.00531185545219472	-0.010502869020516	-0.0106097660782201	0.0115263471173409	5.34468496798413	5.0460240913274
YOR203W	0	-0.655345531890781	-0.627072477598468	-0.730726752764612	-0.959480153084058	-1.17009301080319	-0.818816810423919	-0.648343047911638
